-10 252
-9.9 246.43
-9.8 240.92
-9.7 235.47
-9.6 230.08
-9.5 224.75
-9.4 219.48
-9.3 214.27
-9.2 209.12
-9.1 204.03
-9 199
-8.9 194.03
-8.8 189.12
-8.7 184.27
-8.6 179.48
-8.5 174.75
-8.4 170.08
-8.3 165.47
-8.2 160.92
-8.1 156.43
-8 152
-7.9 147.63
-7.8 143.32
-7.7 139.07
-7.6 134.88
-7.5 130.75
-7.4 126.68
-7.3 122.67
-7.2 118.72
-7.1 114.83
-7 111
-6.9 107.23
-6.8 103.52
-6.7 99.87
-6.6 96.28
-6.5 92.75
-6.4 89.28
-6.3 85.87
-6.2 82.52
-6.1 79.23
-6 76
-5.9 72.83
-5.8 69.72
-5.7 66.67
-5.6 63.68
-5.5 60.75
-5.4 57.88
-5.3 55.07
-5.2 52.32
-5.1 49.63
-5 47
-4.9 44.43
-4.8 41.92
-4.7 39.47
-4.6 37.08
-4.5 34.75
-4.4 32.48
-4.3 30.27
-4.2 28.12
-4.1 26.03
-4 24
-3.9 22.03
-3.8 20.12
-3.7 18.27
-3.6 16.48
-3.5 14.75
-3.4 13.08
-3.3 11.47
-3.2 9.92
-3.1 8.43
-3 7
-2.9 5.63
-2.8 4.32
-2.7 3.07
-2.6 1.88
-2.5 0.75
-2.4 -0.32
-2.3 -1.33
-2.2 -2.28
-2.1 -3.17
-2 -4
-1.9 -4.77
-1.8 -5.48
-1.7 -6.13
-1.6 -6.72
-1.5 -7.25
-1.4 -7.72
-1.3 -8.13
-1.2 -8.48
-1.1 -8.77
-1 -9
-0.9 -9.17
-0.8 -9.28
-0.7 -9.33
-0.6 -9.32
-0.5 -9.25
-0.4 -9.12
-0.3 -8.93
-0.2 -8.68
-0.1 -8.37
-1.87905e-14 -8
0.1 -7.57
0.2 -7.08
0.3 -6.53
0.4 -5.92
0.5 -5.25
0.6 -4.52
0.7 -3.73
0.8 -2.88
0.9 -1.97
1 -1
1.1 0.03
1.2 1.12
1.3 2.27
1.4 3.48
1.5 4.75
1.6 6.08
1.7 7.47
1.8 8.92
1.9 10.43
2 12
2.1 13.63
2.2 15.32
2.3 17.07
2.4 18.88
2.5 20.75
2.6 22.68
2.7 24.67
2.8 26.72
2.9 28.83
3 31
3.1 33.23
3.2 35.52
3.3 37.87
3.4 40.28
3.5 42.75
3.6 45.28
3.7 47.87
3.8 50.52
3.9 53.23
4 56
4.1 58.83
4.2 61.72
4.3 64.67
4.4 67.68
4.5 70.75
4.6 73.88
4.7 77.07
4.8 80.32
4.9 83.63
5 87
5.1 90.43
5.2 93.92
5.3 97.47
5.4 101.08
5.5 104.75
5.6 108.48
5.7 112.27
5.8 116.12
5.9 120.03
6 124
6.1 128.03
6.2 132.12
6.3 136.27
6.4 140.48
6.5 144.75
6.6 149.08
6.7 153.47
6.8 157.92
6.9 162.43
7 167
7.1 171.63
7.2 176.32
7.3 181.07
7.4 185.88
7.5 190.75
7.6 195.68
7.7 200.67
7.8 205.72
7.9 210.83
8 216
8.1 221.23
8.2 226.52
8.3 231.87
8.4 237.28
8.5 242.75
8.6 248.28
8.7 253.87
8.8 259.52
8.9 265.23
9 271
9.1 276.83
9.2 282.72
9.3 288.67
9.4 294.68
9.5 300.75
9.6 306.88
9.7 313.07
9.8 319.32
9.9 325.63
10 332
